weights1
1.8338916301727295 0.2273203730583191 1.6904008388519287 0.333596408367157 1.5713523626327515 1.4804319143295288 
1.5127558708190918 0.22804102301597595 3.0843966007232666 -0.1393415331840515 -0.4656141698360443 1.4028884172439575 
0.0905948132276535 -0.7384664416313171 -0.09199047088623047 1.039047360420227 -1.7636501789093018 0.27427801489830017 
-0.34730586409568787 0.1908494085073471 0.2063952386379242 0.8594192266464233 0.7733129858970642 -0.39271172881126404 
0.23062129318714142 -0.6109656095504761 1.4226810932159424 1.2470260858535767 0.7244653701782227 5.041681289672852 
0.39232006669044495 -0.150717094540596 0.089576356112957 1.1829699277877808 -0.6026241183280945 2.8474810123443604 
bias1
-0.9810843467712402 0.6614632606506348 -1.4728801250457764 -0.2803597152233124 -0.5668541789054871 -1.853552222251892 
weights2
-1.5100630521774292 1.3980737924575806 
0.02358129434287548 -0.4194950461387634 
-2.665285348892212 2.631399154663086 
1.0614731311798096 -0.8660447001457214 
1.9063602685928345 -1.4867424964904785 
-1.688119888305664 1.9826345443725586 
bias2
-0.5336315631866455 0.5669808983802795 
