weights1
-0.5460492372512817 -0.4725502133369446 -0.22746813297271729 0.030310245230793953 0.190312922000885 
0.13698896765708923 0.11671531200408936 0.1947285383939743 0.138143390417099 1.0185467004776 
-0.3324418365955353 -0.09847678244113922 -0.3961929380893707 0.2697451412677765 0.4112619161605835 
-0.9756649136543274 -1.4845603704452515 -0.4249185621738434 -0.3202289938926697 0.02774924784898758 
-0.6325442790985107 -0.5865016579627991 -0.2844730019569397 -0.18076133728027344 0.2509140968322754 
bias1
-0.037860408425331116 0.31777188181877136 -0.3964822292327881 -0.3504227101802826 0.39249688386917114 
weights2
0.47702527046203613 -1.0701923370361328 
0.9056664109230042 -0.7803289890289307 
0.16343161463737488 -0.06888144463300705 
-0.1581098437309265 0.1517987847328186 
-1.1272366046905518 1.0315463542938232 
bias2
-0.5068856477737427 0.3011220395565033 
